174.800937866947,-41.22501356278325
174.8079721211159,-41.226732341115365
174.82262997231396,-41.231639803277986
174.83561105648377,-41.23873115217201
174.84634815587896,-41.24769587535717
174.85069634833735,-41.252194466801384
174.8587207192276,-41.26264015566857
174.8636809159909,-41.27410982273725
174.86536017144866,-41.28610182569948
174.8653611411562,-41.29165993179072
174.8636858034186,-41.30364998147521
174.85872883206798,-41.31511423541933
174.8507068877321,-41.32555201329627
174.846359294586,-41.33004662498431
174.8356222320399,-41.33900220579377
174.82263983163466,-41.346084796073406
174.807979604528,-41.35098543989819
174.80094378133927,-41.35270175860709
174.78524618901284,-41.35520670405109
174.76919781098724,-41.35520670405109
174.75350021866086,-41.35270175860712
174.7464643954721,-41.35098543989822
174.7318041683653,-41.346084796073406
174.71882176795995,-41.33900220579369
174.7080847054138,-41.330046624984135
174.70373711226773,-41.32555201329609
174.69571516793187,-41.31511423541913
174.69075819658127,-41.303649981474955
174.68908285884382,-41.29165993179046
174.68908382855136,-41.2861018256992
174.69076308400918,-41.274109822737074
174.69572328077246,-41.26264015566849
174.70374765166264,-41.252194466801384
174.70809584412103,-41.24769587535717
174.71883294351622,-41.23873115217201
174.731814027686,-41.231639803278014
174.746471878884,-41.22673234111539
174.75350613305287,-41.22501356278328
174.7691998725514,-41.222504896122565
174.78524412744844,-41.222504896122565
174.800937866947,-41.22501356278325
